<svg width="24" height="24" viewBox="0 0 24 24" fill="none" xmlns="http://www.w3.org/2000/svg">
<path d="M15.375 6.375C16.2034 6.375 16.875 5.70343 16.875 4.875C16.875 4.04657 16.2034 3.375 15.375 3.375C14.5466 3.375 13.875 4.04657 13.875 4.875C13.875 5.70343 14.5466 6.375 15.375 6.375Z" fill="#E8C8B3"/>
<path d="M12.8511 5.25C13.5067 5.25 14.1354 5.51045 14.599 5.97403L16.875 8.25L16.125 9.75L15 9L14.25 11.25H10.875L12.375 6.75L10.5 7.5V6L11.933 5.42681C12.225 5.31001 12.5366 5.25 12.8511 5.25Z" fill="#04957C"/>
<path d="M18 13.702V13.7925C18 14.0898 17.9058 14.3794 17.7309 14.6198L16.5919 16.1864L15 18.375L13.875 17.625L15.2677 15.3038L16.125 13.875H12.75C12.553 13.8751 12.3579 13.8363 12.1759 13.7609C11.9939 13.6856 11.8285 13.5751 11.6892 13.4358C11.5499 13.2965 11.4394 13.1311 11.3641 12.9491C11.2887 12.7671 11.2499 12.572 11.25 12.375V11.25H14.25L16.125 12L17.1159 12.3966C17.3769 12.5008 17.6006 12.681 17.7582 12.9137C17.9158 13.1464 18 13.421 18 13.702Z" fill="#E8C8B3"/>
<path d="M13.125 13.875L12 15.75L11.3925 16.6613C11.2982 16.8028 11.1804 16.9273 11.0442 17.0292L8.64141 18.8316L6.75 20.25L6 19.125L9.75 16.125L10.402 14.9512L11.625 12.75L13.125 13.875Z" fill="#E8C8B3"/>
<path d="M12.86 18.7955C12.8278 18.8922 12.826 18.9964 12.8549 19.0941C12.8837 19.1918 12.9419 19.2783 13.0214 19.342L14.6252 20.625H14.8867C15.1157 20.625 15.3353 20.534 15.4973 20.3721C15.6592 20.2101 15.7502 19.9905 15.7502 19.7615C15.7502 19.591 15.6997 19.4243 15.6052 19.2825L15.0002 18.375L13.8752 17.625C13.6374 17.7439 13.4254 17.9084 13.2512 18.1093C13.077 18.3101 12.9441 18.5433 12.86 18.7955Z" fill="#E4E4E2"/>
<path d="M6.74999 20.25V21.375L6.95024 22.1761C6.97097 22.259 6.97252 22.3456 6.95479 22.4292C6.93706 22.5128 6.9005 22.5913 6.8479 22.6587C6.7953 22.726 6.72803 22.7805 6.65121 22.818C6.57439 22.8555 6.49004 22.875 6.40457 22.875H5.62499L4.87499 21.75L4.64587 20.6045C4.60396 20.3949 4.63213 20.1774 4.72606 19.9854C4.81998 19.7934 4.97444 19.6377 5.16562 19.5422L5.99999 19.125L6.74999 20.25Z" fill="#E4E4E2"/>
<path d="M10.5003 7.5L7.87526 8.72812C7.73136 8.78974 7.57044 8.79905 7.42039 8.75444C7.27035 8.70984 7.14065 8.61412 7.05378 8.4839C6.99971 8.40271 6.96402 8.31069 6.94919 8.21427C6.93437 8.11785 6.94076 8.01936 6.96794 7.92567C6.99511 7.83198 7.04241 7.74535 7.10652 7.67183C7.17064 7.59831 7.25003 7.53966 7.33915 7.5L10.5003 6V7.5Z" fill="#E8C8B3"/>
<path d="M16.8898 8.23754L18.7498 6.65331C18.9044 6.52458 19.1015 6.45827 19.3024 6.46738C19.5033 6.4765 19.6936 6.56038 19.8358 6.70258C19.9135 6.78026 19.9744 6.87299 20.015 6.97507C20.0555 7.07715 20.0747 7.18644 20.0715 7.29623C20.0683 7.40601 20.0426 7.51398 19.9962 7.61351C19.9497 7.71304 19.8835 7.80202 19.8014 7.87501L17.6174 9.83992C17.4166 10.0185 17.1551 10.1135 16.8864 10.1056C16.6178 10.0977 16.3623 9.98749 16.1723 9.79745C16.1585 9.78363 16.1494 9.76582 16.1462 9.74654C16.1431 9.72726 16.1461 9.70748 16.1548 9.69001L16.8661 8.26745C16.8719 8.25596 16.8799 8.24579 16.8898 8.23754Z" fill="#E8C8B3"/>
<path d="M13.1248 13.875L11.9998 15.75L10.4998 15L10.4019 14.9512L11.6248 12.75L13.1248 13.875Z" fill="#F3AF3E"/>
<path d="M16.6931 2.75363C16.6774 2.75621 16.6619 2.7593 16.6463 2.76249C16.6761 2.43511 16.5975 2.107 16.4225 1.82871C16.2475 1.55041 15.9859 1.33738 15.6779 1.22242C15.3699 1.10747 15.0327 1.09697 14.7182 1.19254C14.4036 1.28812 14.1293 1.48447 13.9373 1.75134C13.7453 2.01821 13.6465 2.34079 13.6559 2.66939C13.6653 2.99799 13.7825 3.31437 13.9895 3.56979C14.1964 3.82521 14.4816 4.0055 14.8011 4.08289C15.1206 4.16027 15.4567 4.13045 15.7576 3.99802C15.7594 4.01372 15.7615 4.02947 15.764 4.04522C15.7999 4.26482 15.9001 4.46885 16.0519 4.63151C16.2037 4.79418 16.4003 4.90817 16.6169 4.95908C16.8335 5.00999 17.0604 4.99553 17.2687 4.91752C17.4771 4.83951 17.6577 4.70147 17.7876 4.52083C17.9175 4.3402 17.991 4.1251 17.9986 3.90273C18.0063 3.68036 17.9479 3.46071 17.8307 3.27155C17.7136 3.08239 17.5429 2.93222 17.3404 2.84003C17.1379 2.74784 16.9126 2.71777 16.693 2.75363H16.6931Z" fill="#533222"/>
<path d="M16.5919 16.1865L15 18.3751L13.875 17.6251L15.2677 15.3038L16.5919 16.1865Z" fill="#DC4D41"/>
<path d="M8.64141 18.8316L6.75 20.25L6 19.125L7.875 17.625L8.625 18.75L8.64141 18.8316Z" fill="#DC4D41"/>
<path d="M8.625 13.125H7.125C7.02554 13.125 6.93016 13.0855 6.85983 13.0152C6.78951 12.9448 6.75 12.8495 6.75 12.75C6.75 12.6505 6.78951 12.5552 6.85983 12.4848C6.93016 12.4145 7.02554 12.375 7.125 12.375H8.625C8.72446 12.375 8.81984 12.4145 8.89017 12.4848C8.96049 12.5552 9 12.6505 9 12.75C9 12.8495 8.96049 12.9448 8.89017 13.0152C8.81984 13.0855 8.72446 13.125 8.625 13.125Z" fill="#AEDEE2"/>
<path d="M5.625 13.125H4.875C4.77554 13.125 4.68016 13.0855 4.60984 13.0152C4.53951 12.9448 4.5 12.8495 4.5 12.75C4.5 12.6505 4.53951 12.5552 4.60984 12.4848C4.68016 12.4145 4.77554 12.375 4.875 12.375H5.625C5.72446 12.375 5.81984 12.4145 5.89016 12.4848C5.96049 12.5552 6 12.6505 6 12.75C6 12.8495 5.96049 12.9448 5.89016 13.0152C5.81984 13.0855 5.72446 13.125 5.625 13.125Z" fill="#AEDEE2"/>
<path d="M6 10.5H3.75C3.65054 10.5 3.55516 10.4605 3.48484 10.3902C3.41451 10.3198 3.375 10.2245 3.375 10.125C3.375 10.0255 3.41451 9.93016 3.48484 9.85983C3.55516 9.78951 3.65054 9.75 3.75 9.75H6C6.09946 9.75 6.19484 9.78951 6.26517 9.85983C6.33549 9.93016 6.375 10.0255 6.375 10.125C6.375 10.2245 6.33549 10.3198 6.26517 10.3902C6.19484 10.4605 6.09946 10.5 6 10.5Z" fill="#AEDEE2"/>
<path d="M2.25 10.5H1.5C1.40054 10.5 1.30516 10.4605 1.23483 10.3902C1.16451 10.3198 1.125 10.2245 1.125 10.125C1.125 10.0255 1.16451 9.93016 1.23483 9.85983C1.30516 9.78951 1.40054 9.75 1.5 9.75H2.25C2.34946 9.75 2.44484 9.78951 2.51516 9.85983C2.58549 9.93016 2.625 10.0255 2.625 10.125C2.625 10.2245 2.58549 10.3198 2.51516 10.3902C2.44484 10.4605 2.34946 10.5 2.25 10.5Z" fill="#AEDEE2"/>
<path d="M6.75 15.375H4.5C4.40054 15.375 4.30516 15.3355 4.23484 15.2652C4.16451 15.1948 4.125 15.0995 4.125 15C4.125 14.9005 4.16451 14.8052 4.23484 14.7348C4.30516 14.6645 4.40054 14.625 4.5 14.625H6.75C6.84946 14.625 6.94484 14.6645 7.01517 14.7348C7.08549 14.8052 7.125 14.9005 7.125 15C7.125 15.0995 7.08549 15.1948 7.01517 15.2652C6.94484 15.3355 6.84946 15.375 6.75 15.375Z" fill="#AEDEE2"/>
<path d="M3 15.375H2.25C2.15054 15.375 2.05516 15.3355 1.98484 15.2652C1.91451 15.1948 1.875 15.0995 1.875 15C1.875 14.9005 1.91451 14.8052 1.98484 14.7348C2.05516 14.6645 2.15054 14.625 2.25 14.625H3C3.09946 14.625 3.19484 14.6645 3.26516 14.7348C3.33549 14.8052 3.375 14.9005 3.375 15C3.375 15.0995 3.33549 15.1948 3.26516 15.2652C3.19484 15.3355 3.09946 15.375 3 15.375Z" fill="#AEDEE2"/>
<path d="M16.125 12L15.375 13.875H12.75C12.553 13.8751 12.3579 13.8363 12.1759 13.7609C11.9939 13.6856 11.8285 13.5751 11.6892 13.4358C11.5499 13.2965 11.4394 13.1311 11.3641 12.9491C11.2887 12.7671 11.2499 12.572 11.25 12.375V11.25H14.25L16.125 12Z" fill="#FBB540"/>
<path d="M11.7938 5.07854L10.3608 5.65173C10.3578 5.65295 10.355 5.65473 10.352 5.65604C10.3478 5.65787 10.3435 5.65914 10.3393 5.6611L7.18203 7.15932C6.93116 7.27267 6.73514 7.48043 6.63656 7.73747C6.53798 7.99451 6.5448 8.28006 6.65554 8.5321C6.76628 8.78414 6.972 8.9823 7.228 9.08355C7.484 9.18479 7.76961 9.18093 8.02278 9.07281C8.02653 9.07121 8.03033 9.06953 8.03403 9.06779L10.6497 7.84398L11.7637 7.39839L10.5193 11.1313C10.5005 11.1877 10.4954 11.2477 10.5043 11.3065C10.5133 11.3652 10.5361 11.421 10.5708 11.4692C10.6056 11.5174 10.6513 11.5567 10.7042 11.5837C10.7571 11.6108 10.8157 11.6249 10.8751 11.6249V12.3749C10.875 12.6165 10.9218 12.8558 11.0129 13.0795L9.45814 15.8782L5.79678 18.8073L4.99771 19.2069C4.73336 19.3396 4.51984 19.5553 4.38989 19.8211C4.25994 20.0868 4.22073 20.3878 4.27827 20.6779L4.50735 21.8235C4.51696 21.8715 4.5359 21.9172 4.56308 21.9579L5.31308 23.0829C5.34733 23.1343 5.39372 23.1764 5.44815 23.2055C5.50257 23.2347 5.56335 23.2499 5.62508 23.2499H6.40466C6.54712 23.2499 6.6877 23.2174 6.81573 23.1549C6.94375 23.0924 7.05585 23.0016 7.14352 22.8893C7.23118 22.777 7.2921 22.6462 7.32164 22.5069C7.35119 22.3675 7.34859 22.2232 7.31403 22.085L7.12508 21.3287V20.4374L11.2692 17.3292C11.4395 17.2018 11.5868 17.0462 11.7046 16.8692C11.7046 16.8692 12.3186 15.948 12.3216 15.9429L13.3374 14.2499H15.373H15.3749H15.3762H15.4627L13.607 17.3428C13.0851 17.6334 12.6915 18.1096 12.5041 18.6768C12.4482 18.8463 12.4453 19.0288 12.4958 19.2C12.5464 19.3712 12.648 19.5228 12.7871 19.6347L14.3907 20.9177C14.4572 20.971 14.5399 20.9999 14.6251 20.9999H14.8865C15.1107 20.9999 15.3307 20.9391 15.523 20.8239C15.7153 20.7087 15.8728 20.5434 15.9785 20.3458C16.0843 20.1481 16.1345 19.9255 16.1236 19.7016C16.1128 19.4776 16.0414 19.2609 15.917 19.0743L15.457 18.3843L18.0343 14.8405C18.2565 14.5364 18.3759 14.1693 18.3751 13.7927V13.702C18.3762 13.3457 18.27 12.9974 18.0703 12.7024C17.8705 12.4074 17.5865 12.1794 17.2553 12.0482L14.7177 11.0331L15.2005 9.58426L15.8902 10.0441C15.8958 10.0503 15.9013 10.0566 15.9073 10.0625C16.1654 10.3201 16.5122 10.4693 16.8766 10.4797C17.2411 10.4902 17.5959 10.3611 17.8684 10.1188L20.0507 8.15537C20.2798 7.9484 20.4187 7.65998 20.4378 7.35185C20.4569 7.04372 20.3546 6.74036 20.1528 6.50673C19.951 6.27309 19.6657 6.12775 19.3581 6.10181C19.0504 6.07587 18.7449 6.17139 18.5068 6.36793L16.8955 7.74029L15.8446 6.6894C16.1703 6.6036 16.4671 6.43229 16.7044 6.1932C16.9416 5.95412 17.1106 5.65596 17.1938 5.3296C17.5441 5.25349 17.8555 5.05446 18.0717 4.76857C18.2879 4.48267 18.3946 4.12881 18.3724 3.77106C18.3503 3.41331 18.2007 3.07532 17.9509 2.8183C17.701 2.56127 17.3674 2.40221 17.0105 2.36992C17.0083 2.35429 17.0059 2.33867 17.0034 2.32304C16.9562 2.03457 16.8422 1.76112 16.6705 1.52455C16.4988 1.28797 16.2741 1.09482 16.0145 0.960505C15.7549 0.826192 15.4675 0.754442 15.1752 0.750986C14.8829 0.747529 14.5938 0.81246 14.3311 0.940595C14.0684 1.06873 13.8392 1.25652 13.662 1.48897C13.4847 1.72142 13.3643 1.99209 13.3103 2.27936C13.2563 2.56664 13.2702 2.86257 13.3509 3.14352C13.4316 3.42448 13.5768 3.68267 13.7751 3.89748C13.5949 4.19165 13.4997 4.52996 13.5001 4.87492C13.5001 4.9 13.5013 4.92503 13.5023 4.94992C13.2888 4.90011 13.0703 4.87494 12.8511 4.87492C12.4889 4.8746 12.13 4.94373 11.7938 5.07854ZM10.1251 7.26137L7.72283 8.38534C7.6598 8.41108 7.58981 8.41425 7.52471 8.39431C7.45961 8.37437 7.4034 8.33255 7.3656 8.27593C7.3418 8.24017 7.3261 8.19964 7.31958 8.15719C7.31306 8.11473 7.31588 8.07136 7.32785 8.0301C7.33981 7.98885 7.36063 7.9507 7.38886 7.91832C7.41708 7.88594 7.45203 7.86011 7.49127 7.84262L7.49975 7.83873L10.1251 6.59293V7.26137ZM6.55241 22.4278C6.53504 22.4505 6.51265 22.4687 6.48701 22.4813C6.46138 22.4938 6.43318 22.5002 6.40466 22.4999H5.82575L5.22824 21.6036L5.01369 20.5308C4.98814 20.402 5.00555 20.2683 5.06325 20.1504C5.12095 20.0324 5.21576 19.9366 5.33314 19.8776L5.87169 19.6084L6.37508 20.3634V21.3749C6.37507 21.4056 6.37884 21.4361 6.38628 21.4659L6.58658 22.2669C6.59371 22.2946 6.59434 22.3235 6.58841 22.3514C6.58248 22.3793 6.57016 22.4055 6.55241 22.4278ZM6.84224 19.7121L6.50282 19.203L7.78996 18.1734L8.15792 18.7254L6.84224 19.7121ZM11.0804 16.4534C11.0097 16.5595 10.9214 16.6528 10.8193 16.7291L8.75886 18.2746L8.37782 17.703L9.98446 16.4177C10.0226 16.3873 10.0545 16.3497 10.0782 16.307L10.556 15.447L11.4527 15.8954L11.0804 16.4534ZM11.8572 15.2592L10.9203 14.7907L11.4911 13.7632C11.7655 14.0128 12.108 14.1751 12.475 14.2296L11.8572 15.2592ZM14.8865 20.2499H14.7567L13.2555 19.0491C13.2359 19.0333 13.2216 19.0119 13.2145 18.9878C13.2074 18.9636 13.2078 18.9379 13.2157 18.914C13.3302 18.5673 13.5572 18.2689 13.8607 18.0661L14.7297 18.6453L15.293 19.4905C15.342 19.5641 15.3702 19.6496 15.3744 19.7379C15.3786 19.8262 15.3588 19.914 15.3171 19.9919C15.2754 20.0699 15.2133 20.135 15.1375 20.1804C15.0617 20.2259 14.9749 20.2499 14.8865 20.2499ZM14.9085 17.8632L14.6446 17.6872L14.3806 17.5112L15.3872 15.8336L16.0589 16.2815L14.9085 17.8632ZM16.4514 13.6902C16.4187 13.6324 16.3713 13.5844 16.314 13.551C16.2566 13.5175 16.1914 13.4999 16.1251 13.4999H15.929L16.334 12.4874L16.9768 12.7445C17.1685 12.8205 17.3329 12.9525 17.4486 13.1233C17.5642 13.2941 17.6257 13.4957 17.6251 13.702V13.7927C17.6255 14.0107 17.5564 14.2231 17.4278 14.3992L16.5004 15.6744L15.7735 15.1898L16.4467 14.0679C16.4808 14.011 16.4992 13.946 16.5001 13.8797C16.5009 13.8133 16.4841 13.7479 16.4514 13.6902ZM15.6376 12.2089L15.1212 13.4999H12.7501C12.4518 13.4996 12.1659 13.3809 11.955 13.17C11.744 12.9591 11.6254 12.6732 11.6251 12.3749V11.6249H14.1778L15.6376 12.2089ZM17.1761 8.48645L18.9902 6.9414C19.0775 6.87125 19.1887 6.83784 19.3003 6.84824C19.4118 6.85865 19.5149 6.91205 19.5878 6.99715C19.6607 7.08225 19.6976 7.19237 19.6907 7.30419C19.6838 7.416 19.6336 7.52075 19.5508 7.59625L17.3685 9.55965C17.2643 9.65212 17.1341 9.71032 16.9957 9.72637C16.8573 9.74241 16.7173 9.71554 16.5947 9.64937L17.1761 8.48645ZM15.3751 5.99992C15.292 5.99995 15.2092 5.9908 15.1281 5.97264L14.8643 5.70878C14.703 5.54743 14.523 5.40592 14.3282 5.28723C14.2679 5.13421 14.242 4.96982 14.2523 4.80567C14.2625 4.64152 14.3087 4.48164 14.3876 4.33731C14.722 4.4875 15.0933 4.53562 15.4549 4.47564C15.4703 4.47317 15.4857 4.47046 15.5011 4.46753C15.5871 4.66218 15.7134 4.83642 15.8716 4.97878C16.0297 5.12114 16.2163 5.22841 16.4189 5.29351C16.3346 5.50154 16.1904 5.6798 16.0045 5.8056C15.8186 5.93139 15.5995 5.99904 15.3751 5.99992ZM14.9716 1.51482C15.1411 1.48736 15.3147 1.49903 15.479 1.54894C15.6433 1.59884 15.794 1.68566 15.9196 1.80275C16.0453 1.91985 16.1424 2.06411 16.2038 2.22453C16.2651 2.38494 16.2889 2.55725 16.2734 2.72828C16.2681 2.7866 16.2765 2.84536 16.2979 2.89986C16.3194 2.95435 16.3533 3.00305 16.397 3.04207C16.4407 3.08109 16.4929 3.10934 16.5494 3.12455C16.606 3.13976 16.6653 3.14151 16.7227 3.12967C16.733 3.12751 16.7434 3.1254 16.7539 3.12367C16.9002 3.09977 17.0504 3.11981 17.1854 3.18126C17.3204 3.24271 17.4342 3.34281 17.5123 3.4689C17.5904 3.595 17.6294 3.74142 17.6243 3.88966C17.6192 4.0379 17.5702 4.18129 17.4836 4.30172C17.397 4.42214 17.2767 4.51419 17.1378 4.56622C16.9989 4.61824 16.8477 4.62791 16.7033 4.59401C16.5589 4.5601 16.4278 4.48414 16.3265 4.37573C16.2253 4.26732 16.1585 4.13133 16.1345 3.98495C16.1328 3.97445 16.1315 3.96395 16.1303 3.95345C16.1233 3.89528 16.1028 3.83954 16.0705 3.79072C16.0381 3.74189 15.9947 3.70133 15.9438 3.67229C15.893 3.64324 15.836 3.62652 15.7775 3.62347C15.719 3.62042 15.6606 3.63112 15.6069 3.65471C15.5197 3.69303 15.4279 3.72015 15.3339 3.73543C15.0394 3.7835 14.7379 3.71262 14.4957 3.53839C14.2535 3.36416 14.0904 3.10084 14.0423 2.80637C13.9943 2.5119 14.0651 2.21039 14.2394 1.96818C14.4136 1.72597 14.6769 1.56289 14.9714 1.51482H14.9716ZM13.8366 5.86984C13.8448 5.87495 13.8531 5.87921 13.8616 5.8839C14.035 5.9795 14.194 6.09909 14.3339 6.23912L14.6653 6.57048L14.667 6.57221L16.4188 8.32398L16.186 8.78959L15.9797 9.20209L15.2082 8.68773C15.1602 8.65574 15.1055 8.63524 15.0483 8.62783C14.9911 8.62042 14.933 8.6263 14.8785 8.64501C14.8239 8.66372 14.7744 8.69476 14.7338 8.73571C14.6932 8.77666 14.6626 8.82643 14.6444 8.88114L13.9798 10.8749H11.3954L12.7309 6.86851C12.7535 6.80066 12.7562 6.72776 12.7388 6.6584C12.7213 6.58904 12.6844 6.52612 12.6324 6.47706C12.5803 6.42799 12.5154 6.39483 12.4451 6.38148C12.3748 6.36814 12.3022 6.37516 12.2358 6.40173L10.8751 6.94604V6.25384L12.0723 5.77492C12.3557 5.66171 12.6603 5.61156 12.9649 5.62795C13.2696 5.64434 13.5671 5.72688 13.8366 5.86984Z" fill="black"/>
<path d="M9 12.75C9 12.6505 8.96049 12.5552 8.89017 12.4848C8.81984 12.4145 8.72446 12.375 8.625 12.375H7.125C7.02554 12.375 6.93016 12.4145 6.85983 12.4848C6.78951 12.5552 6.75 12.6505 6.75 12.75C6.75 12.8495 6.78951 12.9448 6.85983 13.0152C6.93016 13.0855 7.02554 13.125 7.125 13.125H8.625C8.72446 13.125 8.81984 13.0855 8.89017 13.0152C8.96049 12.9448 9 12.8495 9 12.75Z" fill="black"/>
<path d="M5.625 13.125C5.72446 13.125 5.81984 13.0855 5.89016 13.0152C5.96049 12.9448 6 12.8495 6 12.75C6 12.6505 5.96049 12.5552 5.89016 12.4848C5.81984 12.4145 5.72446 12.375 5.625 12.375H4.875C4.77554 12.375 4.68016 12.4145 4.60984 12.4848C4.53951 12.5552 4.5 12.6505 4.5 12.75C4.5 12.8495 4.53951 12.9448 4.60984 13.0152C4.68016 13.0855 4.77554 13.125 4.875 13.125H5.625Z" fill="black"/>
<path d="M6 9.75H3.75C3.65054 9.75 3.55516 9.78951 3.48484 9.85983C3.41451 9.93016 3.375 10.0255 3.375 10.125C3.375 10.2245 3.41451 10.3198 3.48484 10.3902C3.55516 10.4605 3.65054 10.5 3.75 10.5H6C6.09946 10.5 6.19484 10.4605 6.26517 10.3902C6.33549 10.3198 6.375 10.2245 6.375 10.125C6.375 10.0255 6.33549 9.93016 6.26517 9.85983C6.19484 9.78951 6.09946 9.75 6 9.75Z" fill="black"/>
<path d="M2.25 9.75H1.5C1.40054 9.75 1.30516 9.78951 1.23483 9.85983C1.16451 9.93016 1.125 10.0255 1.125 10.125C1.125 10.2245 1.16451 10.3198 1.23483 10.3902C1.30516 10.4605 1.40054 10.5 1.5 10.5H2.25C2.34946 10.5 2.44484 10.4605 2.51516 10.3902C2.58549 10.3198 2.625 10.2245 2.625 10.125C2.625 10.0255 2.58549 9.93016 2.51516 9.85983C2.44484 9.78951 2.34946 9.75 2.25 9.75Z" fill="black"/>
<path d="M4.125 15C4.125 15.0995 4.16451 15.1948 4.23484 15.2652C4.30516 15.3355 4.40054 15.375 4.5 15.375H6.75C6.84946 15.375 6.94484 15.3355 7.01517 15.2652C7.08549 15.1948 7.125 15.0995 7.125 15C7.125 14.9005 7.08549 14.8052 7.01517 14.7348C6.94484 14.6645 6.84946 14.625 6.75 14.625H4.5C4.40054 14.625 4.30516 14.6645 4.23484 14.7348C4.16451 14.8052 4.125 14.9005 4.125 15Z" fill="black"/>
<path d="M1.875 15C1.875 15.0995 1.91451 15.1948 1.98484 15.2652C2.05516 15.3355 2.15054 15.375 2.25 15.375H3C3.09946 15.375 3.19484 15.3355 3.26516 15.2652C3.33549 15.1948 3.375 15.0995 3.375 15C3.375 14.9005 3.33549 14.8052 3.26516 14.7348C3.19484 14.6645 3.09946 14.625 3 14.625H2.25C2.15054 14.625 2.05516 14.6645 1.98484 14.7348C1.91451 14.8052 1.875 14.9005 1.875 15Z" fill="black"/>
</svg>
